   inf   1   1   1   1   1   1   1   1
   1   inf   2   2   2   2   2   2   2
   1   2   inf   3   3   3   3   3   3
   1   2   3   inf   4   4   4   4   4
   1   2   3   4   inf   5   5   5   5
   1   2   3   4   5   inf   6   6   6
   1   2   3   4   5   6   inf   7   7
   1   2   3   4   5   6   7   inf   8
   1   2   3   4   5   6   7   8   inf
Cost: 25
Path:  (9,3) (3,6) (6,1) (1,8) (8,4) (4,7) (7,2) (2,5) (5,9)


   inf   1   1   1   1   1   1   1
   1   inf   2   2   2   2   2   2
   1   2   inf   3   3   3   3   3
   1   2   3   inf   4   4   4   4
   1   2   3   4   inf   5   5   5
   1   2   3   4   5   inf   6   6
   1   2   3   4   5   6   inf   7
   1   2   3   4   5   6   7   inf
Cost: 20
Path:  (8,2) (2,6) (6,3) (3,5) (5,1) (1,7) (7,4) (4,8)


   inf   1   1   1   1   1   1
   1   inf   2   2   2   2   2
   1   2   inf   3   3   3   3
   1   2   3   inf   4   4   4
   1   2   3   4   inf   5   5
   1   2   3   4   5   inf   6
   1   2   3   4   5   6   inf
Cost: 16
Path:  (7,3) (3,6) (6,2) (2,5) (5,1) (1,4) (4,7)


   inf   1   1   1   1   1
   1   inf   2   2   2   2
   1   2   inf   3   3   3
   1   2   3   inf   4   4
   1   2   3   4   inf   5
   1   2   3   4   5   inf
Cost: 12
Path:  (6,2) (2,4) (4,1) (1,5) (5,3) (3,6)


   inf   1   1   1   1
   1   inf   2   2   2
   1   2   inf   3   3
   1   2   3   inf   4
   1   2   3   4   inf
Cost: 9
Path:  (5,2) (2,4) (4,1) (1,3) (3,5)


   inf   1   1   1
   1   inf   2   2
   1   2   inf   3
   1   2   3   inf
Cost: 6
Path:  (4,1) (1,3) (3,2) (2,4)


   inf   1   1   1   1
   1   inf   2   2   2
   1   2   inf   3   3
   1   2   3   inf   4
   1   2   3   4   inf
Cost: 9
Path:  (5,2) (2,4) (4,1) (1,3) (3,5)


   inf   1   1   1   1   1
   1   inf   2   2   2   2
   1   2   inf   3   3   3
   1   2   3   inf   4   4
   1   2   3   4   inf   5
   1   2   3   4   5   inf
Cost: 12
Path:  (6,2) (2,4) (4,1) (1,5) (5,3) (3,6)


   inf   1   1
   1   inf   2
   1   2   inf
Cost: 4
Path:  (3,1) (1,2) (2,3)


   inf   1   1   1
   1   inf   2   2
   1   2   inf   3
   1   2   3   inf
Cost: 6
Path:  (4,1) (1,3) (3,2) (2,4)


   inf   1   1   1   1   1   1   1   1   1
   1   inf   2   2   2   2   2   2   2   2
   1   2   inf   3   3   3   3   3   3   3
   1   2   3   inf   4   4   4   4   4   4
   1   2   3   4   inf   5   5   5   5   5
   1   2   3   4   5   inf   6   6   6   6
   1   2   3   4   5   6   inf   7   7   7
   1   2   3   4   5   6   7   inf   8   8
   1   2   3   4   5   6   7   8   inf   9
   1   2   3   4   5   6   7   8   9   inf
Cost: 30
Path:  (10,3) (3,7) (7,2) (2,8) (8,4) (4,6) (6,1) (1,9) (9,5) (5,10)
